time,omega1,omega2,omega3,rotation11,rotation12,rotation13,rotation21,rotation22,rotation23,rotation31,rotation32,rotation33,ell1,ell2,ell3,energy,
0.000000,1.000000,0.000000,10.000000,1.000000,0.000000,0.000000,0.000000,1.000000,0.000000,0.000000,0.000000,1.000000,5.000000,0.000000,130.000000,652.500000,
0.010000,0.997601,0.079936,9.999846,0.995004,-0.099830,0.000898,0.099834,0.994954,-0.009949,0.000100,0.009989,0.999950,5.000000,-0.000001,130.000000,652.500000,
0.020000,0.990416,0.159485,9.999389,0.980066,-0.198641,0.003565,0.198673,0.979870,-0.019590,0.000398,0.019908,0.999802,5.000000,-0.000003,130.000000,652.500000,
0.030000,0.978480,0.238265,9.998635,0.955332,-0.295427,0.007924,0.295532,0.954904,-0.028627,0.000890,0.029691,0.999559,5.000001,-0.000004,130.000000,652.500000,
0.040000,0.961851,0.315895,9.997601,0.921048,-0.389203,0.013849,0.389446,0.920315,-0.036779,0.001569,0.039269,0.999227,5.000002,-0.000005,130.000000,652.500000,
0.050000,0.940612,0.392001,9.996305,0.877551,-0.479015,0.021166,0.479476,0.876461,-0.043791,0.002425,0.048578,0.998816,5.000002,-0.000006,130.000000,652.500000,
0.060000,0.914867,0.466217,9.994774,0.825273,-0.563955,0.029663,0.564724,0.823798,-0.049441,0.003446,0.057553,0.998336,5.000004,-0.000007,130.000000,652.500000,
0.070000,0.884741,0.538186,9.993035,0.764729,-0.643164,0.039093,0.644335,0.762867,-0.053545,0.004616,0.066136,0.997800,5.000005,-0.000007,130.000000,652.500000,
0.080000,0.850382,0.607564,9.991123,0.696522,-0.715848,0.049180,0.717511,0.694295,-0.055966,0.005918,0.074268,0.997221,5.000006,-0.000008,130.000000,652.499999,
0.090000,0.811957,0.674018,9.989073,0.621327,-0.781279,0.059631,0.783517,0.618786,-0.056613,0.007332,0.081897,0.996614,5.000007,-0.000008,130.000000,652.499999,
0.100000,0.769654,0.737232,9.986926,0.539894,-0.838806,0.070140,0.841687,0.537111,-0.055448,0.008837,0.088972,0.995995,5.000009,-0.000008,129.999999,652.499999,
0.110000,0.723677,0.796904,9.984723,0.453032,-0.887861,0.080401,0.891434,0.450102,-0.052484,0.010409,0.095449,0.995380,5.000010,-0.000007,129.999999,652.499999,
0.120000,0.674248,0.852752,9.982504,0.361609,-0.927965,0.090113,0.932252,0.358639,-0.047785,0.012025,0.101287,0.994785,5.000012,-0.000007,129.999999,652.499999,
0.130000,0.621608,0.904510,9.980314,0.266538,-0.958727,0.098990,0.963727,0.263647,-0.041466,0.013657,0.106452,0.994224,5.000013,-0.000006,129.999999,652.499999,
0.140000,0.566008,0.951935,9.978193,0.168773,-0.979855,0.106771,0.985536,0.166080,-0.033690,0.015278,0.110912,0.993713,5.000014,-0.000005,129.999999,652.499999,
0.150000,0.507716,0.994803,9.976182,0.069293,-0.991150,0.113224,0.997454,0.066917,-0.024657,0.016862,0.114644,0.993263,5.000015,-0.000004,129.999999,652.499998,
0.160000,0.447011,1.032913,9.974320,-0.030902,-0.992514,0.118156,0.999353,-0.032854,-0.014609,0.018381,0.117628,0.992888,5.000015,-0.000003,129.999999,652.499998,
0.170000,0.384183,1.066085,9.972642,-0.130804,-0.983945,0.121417,0.991210,-0.132241,-0.003812,0.019807,0.119851,0.992594,5.000016,-0.000001,129.999999,652.499998,
0.180000,0.319532,1.094166,9.971180,-0.229407,-0.965540,0.122901,0.973101,-0.230257,0.007442,0.021113,0.121303,0.992391,5.000016,0.000000,129.999999,652.499998,
0.190000,0.253365,1.117023,9.969961,-0.325717,-0.937490,0.122558,0.945205,-0.325933,0.018852,0.022272,0.121982,0.992282,5.000016,0.000002,129.999999,652.499998,
0.200000,0.185997,1.134551,9.969009,-0.418761,-0.900082,0.120383,0.907798,-0.418324,0.030108,0.023260,0.121892,0.992271,5.000016,0.000003,129.999999,652.499998,
0.210000,0.117748,1.146668,9.968343,-0.507600,-0.853690,0.116429,0.861257,-0.506520,0.040907,0.024052,0.121039,0.992356,5.000016,0.000005,129.999999,652.499998,
0.220000,0.048941,1.153317,9.967974,-0.591337,-0.798777,0.110794,0.806048,-0.589652,0.050958,0.024626,0.119439,0.992536,5.000015,0.000006,129.999999,652.499998,
0.230000,-0.020098,1.154467,9.967910,-0.669127,-0.735887,0.103628,0.742729,-0.666900,0.059991,0.024963,0.117109,0.992805,5.000014,0.000007,129.999999,652.499998,
0.240000,-0.089041,1.150114,9.968152,-0.740184,-0.665642,0.095119,0.671937,-0.737501,0.067764,0.025044,0.114072,0.993157,5.000013,0.000008,129.999999,652.499998,
0.250000,-0.157563,1.140277,9.968695,-0.803793,-0.588733,0.085498,0.594390,-0.800758,0.074071,0.024855,0.110357,0.993581,5.000012,0.000009,129.999999,652.499998,
0.260000,-0.225338,1.125002,9.969530,-0.859312,-0.505919,0.075024,0.510870,-0.856043,0.078748,0.024384,0.105997,0.994067,5.000011,0.000010,129.999999,652.499998,
0.270000,-0.292045,1.104361,9.970639,-0.906185,-0.418014,0.063981,0.422222,-0.902805,0.081677,0.023621,0.101028,0.994603,5.000009,0.000010,129.999999,652.499998,
0.280000,-0.357368,1.078448,9.972003,-0.943941,-0.325884,0.052669,0.329341,-0.940574,0.082786,0.022561,0.095492,0.995175,5.000008,0.000011,129.999999,652.499998,
0.290000,-0.420995,1.047386,9.973594,-0.972205,-0.230440,0.041395,0.233167,-0.968968,0.082060,0.021200,0.089431,0.995767,5.000006,0.000011,129.999999,652.499998,
0.300000,-0.482623,1.011320,9.975384,-0.990698,-0.132625,0.030464,0.134669,-0.987694,0.079532,0.019541,0.082895,0.996367,5.000005,0.000010,129.999999,652.499998,
0.310000,-0.541958,0.970417,9.977337,-0.999238,-0.033409,0.020173,0.034840,-0.996553,0.075287,0.017588,0.075932,0.996958,5.000003,0.000010,130.000000,652.499998,
0.320000,-0.598716,0.924871,9.979417,-0.997746,0.066220,0.010797,-0.065315,-0.995444,0.069459,0.015347,0.068597,0.997526,5.000002,0.000009,130.000000,652.499998,
0.330000,-0.652625,0.874895,9.981583,-0.986245,0.165268,0.002588,-0.164789,-0.984364,0.062226,0.012832,0.060943,0.998059,5.000001,0.000008,130.000000,652.499999,
0.340000,-0.703426,0.820725,9.983795,-0.964857,0.262742,-0.004237,-0.262584,-0.963408,0.053806,0.010055,0.053027,0.998542,5.000000,0.000007,130.000000,652.499999,
0.350000,-0.750873,0.762618,9.986010,-0.933803,0.357662,-0.009501,-0.357719,-0.932771,0.044450,0.007036,0.044907,0.998966,4.999999,0.000006,130.000000,652.499999,
0.360000,-0.794738,0.700848,9.988186,-0.893401,0.449069,-0.013072,-0.449243,-0.892745,0.034438,0.003795,0.036640,0.999321,4.999999,0.000005,130.000000,652.499999,
0.370000,-0.834808,0.635711,9.990281,-0.844064,0.536036,-0.014867,-0.536242,-0.843721,0.024064,0.000356,0.028284,0.999600,4.999999,0.000003,130.000000,652.499999,
0.380000,-0.870887,0.567515,9.992255,-0.786290,0.617679,-0.014852,-0.617848,-0.786179,0.013636,-0.003254,0.019898,0.999797,4.999998,0.000002,130.000000,652.499999,
0.390000,-0.902801,0.496588,9.994070,-0.720663,0.693162,-0.013048,-0.693250,-0.720689,0.003460,-0.007005,0.011539,0.999909,4.999999,0.000001,130.000000,652.499999,
0.400000,-0.930394,0.423268,9.995692,-0.647843,0.761714,-0.009526,-0.761696,-0.647904,-0.006164,-0.010867,0.003262,0.999936,4.999999,-0.000000,130.000000,652.499999,
0.410000,-0.953530,0.347908,9.997090,-0.568560,0.822630,-0.004407,-0.822508,-0.568556,-0.014953,-0.014807,-0.004877,0.999878,5.000000,-0.000002,130.000000,652.500000,
0.420000,-0.972097,0.270870,9.998236,-0.483608,0.875282,0.002143,-0.875082,-0.483443,-0.022649,-0.018788,-0.012829,0.999741,5.000000,-0.000003,130.000000,652.500000,
0.430000,-0.986002,0.192525,9.999109,-0.393838,0.919126,0.009915,-0.918897,-0.393426,-0.029024,-0.022776,-0.020541,0.999530,5.000001,-0.000004,130.000000,652.500000,
0.440000,-0.995179,0.113250,9.999692,-0.300144,0.953711,0.018665,-0.953519,-0.299420,-0.033890,-0.026732,-0.027970,0.999251,5.000003,-0.000004,130.000000,652.500000,
0.450000,-0.999581,0.033429,9.999973,-0.203461,0.978679,0.028123,-0.978604,-0.202379,-0.037103,-0.030620,-0.035070,0.998916,5.000004,-0.000005,130.000000,652.500000,
0.460000,-0.999187,-0.046553,9.999948,-0.104752,0.993772,0.037995,-0.993903,-0.103292,-0.038566,-0.034401,-0.041803,0.998533,5.000005,-0.000005,130.000000,652.500000,
0.470000,-0.993999,-0.126311,9.999616,-0.005002,0.998836,0.047977,-0.999263,-0.003168,-0.038235,-0.038038,-0.048133,0.998116,5.000006,-0.000005,130.000000,652.500000,
0.480000,-0.984043,-0.205459,9.998985,0.094796,0.993819,0.057762,-0.994631,0.096973,-0.036116,-0.041494,-0.054028,0.997677,5.000008,-0.000005,130.000000,652.500000,
0.490000,-0.969367,-0.283615,9.998066,0.193648,0.978777,0.067048,-0.980050,0.196110,-0.032267,-0.044731,-0.059462,0.997228,5.000009,-0.000004,130.000000,652.500000,
0.500000,-0.950043,-0.360403,9.996877,0.290568,0.953867,0.075547,-0.955664,0.293237,-0.026799,-0.047716,-0.064411,0.996782,5.000010,-0.000004,130.000000,652.499999,
0.510000,-0.926167,-0.435453,9.995441,0.384588,0.919350,0.082994,-0.921710,0.387369,-0.019867,-0.050414,-0.068856,0.996352,5.000011,-0.000003,129.999999,652.499999,
0.520000,-0.897855,-0.508404,9.993785,0.474769,0.875583,0.089154,-0.878525,0.477552,-0.011669,-0.052793,-0.072784,0.995949,5.000012,-0.000002,129.999999,652.499999,
0.530000,-0.865246,-0.578906,9.991941,0.560208,0.823020,0.093830,-0.826535,0.562879,-0.002442,-0.054825,-0.076186,0.995585,5.000013,-0.000001,129.999999,652.499999,
0.540000,-0.828499,-0.646621,9.989944,0.640049,0.762203,0.096866,-0.766254,0.642492,0.007548,-0.056483,-0.079056,0.995269,5.000013,0.000001,129.999999,652.499999,
0.550000,-0.787793,-0.711227,9.987833,0.713491,0.693755,0.098155,-0.698281,0.715596,0.018014,-0.057742,-0.081393,0.995008,5.000013,0.000002,129.999999,652.499999,
0.560000,-0.743325,-0.772415,9.985648,0.779792,0.618377,0.097637,-0.623291,0.781465,0.028654,-0.058581,-0.083200,0.994809,5.000013,0.000003,129.999999,652.499999,
0.570000,-0.695310,-0.829894,9.983430,0.838286,0.536835,0.095308,-0.542030,0.839446,0.039158,-0.058984,-0.084486,0.994677,5.000013,0.000005,129.999999,652.499999,
0.580000,-0.643982,-0.883393,9.981223,0.888380,0.449957,0.091213,-0.455310,0.888971,0.049224,-0.058937,-0.085259,0.994614,5.000013,0.000006,129.999999,652.499998,
0.590000,-0.589587,-0.932657,9.979068,0.929565,0.358618,0.085448,-0.363998,0.929557,0.058558,-0.058429,-0.085536,0.994620,5.000012,0.000007,129.999999,652.499998,
0.600000,-0.532387,-0.977455,9.977007,0.961422,0.263737,0.078158,-0.269008,0.960812,0.066888,-0.057454,-0.085333,0.994695,5.000011,0.000009,129.999999,652.499998,
0.610000,-0.472656,-1.017576,9.975078,0.983626,0.166265,0.069531,-0.171293,0.982439,0.073971,-0.056011,-0.084670,0.994834,5.000010,0.000010,129.999999,652.499998,
0.620000,-0.410679,-1.052833,9.973319,0.995948,0.067172,0.059793,-0.071835,0.994235,0.079598,-0.054101,-0.083571,0.995032,5.000009,0.000010,129.999999,652.499998,
0.630000,-0.346753,-1.083059,9.971763,0.998258,-0.032555,0.049202,0.028364,0.996095,0.083601,-0.051731,-0.082060,0.995284,5.000007,0.000011,129.999999,652.499998,
0.640000,-0.281182,-1.108113,9.970439,0.990529,-0.131927,0.038041,0.128295,0.988012,0.085859,-0.048912,-0.080165,0.995581,5.000006,0.000011,129.999999,652.499998,
0.650000,-0.214278,-1.127880,9.969373,0.972835,-0.229963,0.026609,0.226950,0.970075,0.086298,-0.045658,-0.077915,0.995914,5.000004,0.000012,129.999999,652.499998,
0.660000,-0.146358,-1.142266,9.968586,0.945353,-0.325693,0.015213,0.323333,0.942469,0.084898,-0.041989,-0.075340,0.996273,5.000003,0.000011,129.999999,652.499998,
0.670000,-0.077744,-1.151206,9.968092,0.908357,-0.418174,0.004160,0.416471,0.905471,0.081689,-0.037927,-0.072471,0.996649,5.000001,0.000011,129.999999,652.499998,
0.680000,-0.008763,-1.154656,9.967900,0.862221,-0.506493,-0.006255,0.505423,0.859451,0.076753,-0.033499,-0.069339,0.997031,5.000000,0.000011,130.000000,652.499998,
0.690000,0.060261,-1.152602,9.968014,0.807409,-0.589780,-0.015751,0.589290,0.804863,0.070219,-0.028736,-0.065978,0.997407,4.999999,0.000010,130.000000,652.499998,
0.700000,0.128998,-1.145053,9.968432,0.744478,-0.667212,-0.024077,0.667227,0.742247,0.062264,-0.023672,-0.062419,0.997769,4.999998,0.000009,130.000000,652.499998,
0.710000,0.197125,-1.132043,9.969147,0.674062,-0.738022,-0.031012,0.738446,0.672218,0.053102,-0.018344,-0.058695,0.998107,4.999997,0.000008,130.000000,652.499998,
0.720000,0.264317,-1.113634,9.970143,0.596876,-0.801508,-0.036375,0.802231,0.595464,0.042983,-0.012791,-0.054837,0.998413,4.999996,0.000006,130.000000,652.499998,
0.730000,0.330257,-1.089912,9.971404,0.513700,-0.857035,-0.040031,0.857940,0.512740,0.032182,-0.007056,-0.050876,0.998680,4.999995,0.000005,130.000000,652.499998,
0.740000,0.394629,-1.060985,9.972903,0.425377,-0.904046,-0.041891,0.905015,0.424860,0.020995,-0.001183,-0.046843,0.998902,4.999995,0.000004,130.000000,652.499998,
0.750000,0.457129,-1.026991,9.974614,0.332798,-0.942066,-0.041919,0.942986,0.332690,0.009728,0.004782,-0.042766,0.999074,4.999995,0.000002,130.000000,652.499998,
0.760000,0.517457,-0.988087,9.976503,0.236899,-0.970705,-0.040128,0.971474,0.237141,-0.001313,0.010791,-0.038672,0.999194,4.999995,0.000001,130.000000,652.499998,
0.770000,0.575326,-0.944457,9.978535,0.138647,-0.989665,-0.036585,0.990199,0.139159,-0.011826,0.016795,-0.034586,0.999261,4.999995,-0.000001,130.000000,652.499998,
0.780000,0.630459,-0.896305,9.980670,0.039032,-0.998744,-0.031406,0.998978,0.039718,-0.021527,0.022747,-0.030533,0.999275,4.999996,-0.000002,130.000000,652.499998,
0.790000,0.682589,-0.843858,9.982868,-0.060943,-0.997834,-0.024752,0.997731,-0.060189,-0.030153,0.028597,-0.026534,0.999239,4.999997,-0.000003,130.000000,652.499998,
0.800000,0.731467,-0.787364,9.985086,-0.160276,-0.986928,-0.016829,0.986476,-0.159564,-0.037473,0.034298,-0.022608,0.999156,4.999998,-0.000004,130.000000,652.499998,
0.810000,0.776856,-0.727090,9.987284,-0.257970,-0.966120,-0.007876,0.965332,-0.257407,-0.043295,0.039801,-0.018772,0.999031,4.999999,-0.000005,130.000000,652.499999,
0.820000,0.818536,-0.663323,9.989418,-0.353047,-0.935603,0.001839,0.934519,-0.352731,-0.047469,0.045061,-0.015040,0.998871,5.000000,-0.000006,130.000000,652.499999,
0.830000,0.856306,-0.596367,9.991447,-0.444557,-0.895669,0.012025,0.894352,-0.444573,-0.049893,0.050033,-0.011426,0.998682,5.000001,-0.000006,130.000000,652.499999,
0.840000,0.889981,-0.526541,9.993333,-0.531587,-0.846708,0.022378,0.845237,-0.531998,-0.050514,0.054676,-0.007937,0.998473,5.000003,-0.000006,130.000000,652.499999,
0.850000,0.919397,-0.454179,9.995040,-0.613269,-0.789201,0.032592,0.787671,-0.614117,-0.049333,0.058949,-0.004583,0.998250,5.000004,-0.000006,130.000000,652.499999,
0.860000,0.944411,-0.379628,9.996535,-0.688791,-0.723720,0.042361,0.722232,-0.690091,-0.046402,0.062815,-0.001367,0.998024,5.000005,-0.000006,130.000000,652.499999,
0.870000,0.964900,-0.303246,9.997789,-0.757402,-0.650922,0.051397,0.649579,-0.759142,-0.041824,0.066242,0.001709,0.997802,5.000007,-0.000005,130.000000,652.499999,
0.880000,0.980763,-0.225402,9.998779,-0.818420,-0.571538,0.059431,0.570438,-0.820562,-0.035750,0.069199,0.004644,0.997592,5.000008,-0.000004,130.000000,652.499999,
0.890000,0.991922,-0.146470,9.999484,-0.871239,-0.486370,0.066224,0.485599,-0.873720,-0.028372,0.071660,0.007440,0.997401,5.000009,-0.000004,130.000000,652.499999,
0.900000,0.998324,-0.066830,9.999893,-0.915334,-0.396283,0.071571,0.395910,-0.918072,-0.019922,0.073602,0.010101,0.997237,5.000009,-0.000002,130.000000,652.499999,
0.910000,0.999935,0.013132,9.999996,-0.950267,-0.302189,0.075313,0.302265,-0.953163,-0.010662,0.075008,0.012633,0.997103,5.000010,-0.000001,130.000000,652.499999,
0.920000,0.996749,0.093031,9.999792,-0.975691,-0.205048,0.077335,0.205597,-0.978636,-0.000879,0.075863,0.015043,0.997005,5.000010,0.000000,130.000000,652.499999,
0.930000,0.988781,0.172480,9.999285,-0.991351,-0.105848,0.077573,0.106869,-0.994231,0.009128,0.076159,0.017339,0.996945,5.000010,0.000001,130.000000,652.499999,
0.940000,0.976070,0.251097,9.998484,-0.997090,-0.005597,0.076013,0.007064,-0.999793,0.019049,0.075891,0.019530,0.996925,5.000010,0.000003,130.000000,652.499999,
0.950000,0.958679,0.328502,9.997406,-0.992849,0.094684,0.072696,-0.092822,-0.995272,0.028580,0.075059,0.021628,0.996945,5.000010,0.000004,130.000000,652.499999,
0.960000,0.936692,0.404323,9.996069,-0.978666,0.193977,0.067713,-0.191795,-0.980721,0.037427,0.073668,0.023641,0.997003,5.000009,0.000005,130.000000,652.499999,
0.970000,0.910219,0.478194,9.994502,-0.954679,0.291276,0.061203,-0.288865,-0.956296,0.045314,0.071727,0.025581,0.997096,5.000008,0.000006,130.000000,652.499999,
0.980000,0.879387,0.549761,9.992732,-0.921122,0.385599,0.053348,-0.383062,-0.922257,0.051996,0.069250,0.027459,0.997221,5.000007,0.000007,130.000000,652.499999,
0.990000,0.844349,0.618681,9.990795,-0.878327,0.475995,0.044373,-0.473445,-0.878960,0.057258,0.066257,0.029283,0.997373,5.000006,0.000008,130.000000,652.499999,
1.000000,0.805274,0.684625,9.988727,-0.826716,0.561557,0.034532,-0.559106,-0.826854,0.060930,0.062769,0.031065,0.997544,5.000005,0.000008,130.000000,652.499999,
1.010000,0.762353,0.747278,9.986567,-0.766800,0.641432,0.024106,-0.639185,-0.766477,0.062886,0.058814,0.032812,0.997730,5.000004,0.000009,130.000000,652.499999,
1.020000,0.715793,0.806341,9.984358,-0.699174,0.714825,0.013393,-0.712876,-0.698449,0.063047,0.054422,0.034533,0.997921,5.000002,0.000009,130.000000,652.499998,
1.030000,0.665821,0.861535,9.982142,-0.624512,0.781010,0.002700,-0.779436,-0.623465,0.061388,0.049628,0.036233,0.998110,5.000001,0.000009,130.000000,652.499998,
1.040000,0.612677,0.912598,9.979960,-0.543557,0.839336,-0.007666,-0.838192,-0.542287,0.057936,0.044471,0.037918,0.998291,4.999999,0.000008,130.000000,652.499998,
1.050000,0.556616,0.959290,9.977854,-0.457121,0.889233,-0.017409,-0.888549,-0.455736,0.052769,0.038990,0.039590,0.998455,4.999998,0.000008,130.000000,652.499998,
1.060000,0.497909,1.001390,9.975866,-0.366068,0.930217,-0.026246,-0.929994,-0.364682,0.046012,0.033230,0.041252,0.998596,4.999997,0.000007,130.000000,652.499998,
1.070000,0.436835,1.038701,9.974031,-0.271312,0.961893,-0.033923,-0.962105,-0.270038,0.037839,0.027236,0.042904,0.998708,4.999996,0.000006,130.000000,652.499998,
1.080000,0.373687,1.071048,9.972386,-0.173807,0.983957,-0.040218,-0.984554,-0.172749,0.028462,0.021057,0.044544,0.998785,4.999995,0.000005,130.000000,652.499998,
1.090000,0.308766,1.098279,9.970962,-0.074534,0.996204,-0.044946,-0.997109,-0.073784,0.018127,0.014742,0.046167,0.998825,4.999994,0.000003,130.000000,652.499997,
1.100000,0.242381,1.120269,9.969786,0.025506,0.998522,-0.047968,-0.999639,0.025876,0.007111,0.008341,0.047770,0.998824,4.999994,0.000002,130.000000,652.499997,
1.110000,0.174846,1.136913,9.968880,0.125305,0.990897,-0.049193,-0.992116,0.125245,-0.004295,0.001905,0.049343,0.998780,4.999993,0.000001,130.000000,652.499997,
1.120000,0.106483,1.148135,9.968262,0.223853,0.973411,-0.048579,-0.974612,0.223341,-0.015784,-0.004514,0.050879,0.998695,4.999993,-0.000001,130.000000,652.499997,
1.130000,0.037616,1.153883,9.967943,0.320155,0.946240,-0.046138,-0.947302,0.319196,-0.027048,-0.010867,0.052366,0.998569,4.999994,-0.000002,130.000000,652.499997,
1.140000,-0.031430,1.154130,9.967929,0.413239,0.909656,-0.041932,-0.910461,0.411863,-0.037787,-0.017103,0.053792,0.998406,4.999994,-0.000004,130.000000,652.499997,
1.150000,-0.100327,1.148874,9.968221,0.502164,0.864019,-0.036073,-0.864461,0.500429,-0.047713,-0.023173,0.055143,0.998210,4.999995,-0.000005,130.000000,652.499997,
1.160000,-0.168748,1.138141,9.968813,0.586031,0.809778,-0.028720,-0.809767,0.584017,-0.056562,-0.029030,0.056404,0.997986,4.999996,-0.000006,130.000000,652.499997,
1.170000,-0.236370,1.121980,9.969694,0.663995,0.747466,-0.020074,-0.746933,0.661801,-0.064102,-0.034629,0.057557,0.997741,4.999997,-0.000008,130.000000,652.499997,
1.180000,-0.302872,1.100466,9.970846,0.735271,0.677693,-0.010371,-0.676595,0.733006,-0.070136,-0.039929,0.058586,0.997484,4.999998,-0.000008,130.000000,652.499997,
1.190000,-0.367937,1.073699,9.972249,0.799140,0.601143,0.000121,-0.599465,0.796924,-0.074510,-0.044888,0.059471,0.997220,4.999999,-0.000009,130.000000,652.499997,
1.200000,-0.431256,1.041805,9.973876,0.854963,0.518569,0.011114,-0.516323,0.852913,-0.077117,-0.049470,0.060194,0.996960,5.000001,-0.000009,130.000000,652.499998,
1.210000,-0.492527,1.004932,9.975694,0.902179,0.430782,0.022306,-0.428011,0.900409,-0.077901,-0.053643,0.060734,0.996712,5.000002,-0.000010,129.999999,652.499998,
1.220000,-0.551459,0.963254,9.977671,0.940319,0.338649,0.033388,-0.335419,0.938928,-0.076857,-0.057376,0.061071,0.996483,5.000004,-0.000010,129.999999,652.499998,
1.230000,-0.607768,0.916965,9.979767,0.969004,0.243081,0.044056,-0.239481,0.968073,-0.074032,-0.060645,0.061186,0.996282,5.000005,-0.000009,129.999999,652.499998,
1.240000,-0.661184,0.866284,9.981944,0.987951,0.145026,0.054019,-0.141165,0.987541,-0.069522,-0.063428,0.061059,0.996117,5.000006,-0.000009,129.999999,652.499998,
1.250000,-0.711451,0.811450,9.984159,0.996976,0.045462,0.063004,-0.041458,0.997121,-0.063475,-0.065709,0.060671,0.995993,5.000007,-0.000008,129.999999,652.499998,
1.260000,-0.758325,0.752722,9.986371,0.995995,-0.054616,0.070770,0.058639,0.996702,-0.056077,-0.067474,0.060002,0.995915,5.000009,-0.000007,129.999999,652.499998,
1.270000,-0.801581,0.690379,9.988536,0.985025,-0.154203,0.077107,0.158121,0.986273,-0.047557,-0.068716,0.059037,0.995888,5.000009,-0.000006,129.999999,652.499998,
1.280000,-0.841009,0.624717,9.990614,0.964181,-0.252298,0.081851,0.255994,0.965923,-0.038173,-0.069430,0.057759,0.995913,5.000010,-0.000005,129.999999,652.499998,
1.290000,-0.876416,0.556051,9.992565,0.933678,-0.347908,0.084879,0.351279,0.935845,-0.028209,-0.069619,0.056154,0.995992,5.000011,-0.000004,129.999999,652.499999,
1.300000,-0.907631,0.484707,9.994351,0.893826,-0.440064,0.086121,0.443026,0.896328,-0.017964,-0.069287,0.054211,0.996123,5.000011,-0.000002,129.999999,652.499999,
1.310000,-0.934501,0.411028,9.995938,0.845029,-0.527829,0.085557,0.530320,0.847761,-0.007746,-0.068443,0.051919,0.996303,5.000011,-0.000001,129.999999,652.499999,
1.320000,-0.956894,0.335367,9.997296,0.787778,-0.610310,0.083222,0.612292,0.790628,0.002139,-0.067103,0.049271,0.996529,5.000011,0.000000,129.999999,652.499999,
1.330000,-0.974701,0.258089,9.998399,0.722647,-0.686664,0.079198,0.688126,0.725500,0.011395,-0.065283,0.046263,0.996794,5.000010,0.000001,129.999999,652.499999,
1.340000,-0.987835,0.179565,9.999225,0.650288,-0.756111,0.073618,0.757069,0.653035,0.019745,-0.063005,0.042894,0.997091,5.000009,0.000003,130.000000,652.499999,
1.350000,-0.996230,0.100175,9.999759,0.571424,-0.817942,0.066661,0.818436,0.573965,0.026937,-0.060294,0.039165,0.997412,5.000009,0.000004,130.000000,652.499999,
1.360000,-0.999845,0.020301,9.999990,0.486843,-0.871524,0.058544,0.871615,0.489093,0.032755,-0.057180,0.035082,0.997747,5.000008,0.000004,130.000000,652.499999,
1.370000,-0.998664,-0.059671,9.999914,0.397386,-0.916314,0.049520,0.916078,0.399284,0.037020,-0.053694,0.030653,0.998087,5.000006,0.000005,130.000000,652.499999,
1.380000,-0.992691,-0.139355,9.999533,0.303945,-0.951854,0.039865,0.951382,0.305453,0.039600,-0.049871,0.025890,0.998420,5.000005,0.000005,130.000000,652.499999,
1.390000,-0.981956,-0.218367,9.998854,0.207451,-0.977788,0.029876,0.977174,0.208556,0.040413,-0.045746,0.020810,0.998736,5.000004,0.000006,130.000000,652.499999,
1.400000,-0.966511,-0.296324,9.997889,0.108865,-0.993857,0.019859,0.993195,0.109580,0.039427,-0.041361,0.015431,0.999025,5.000003,0.000005,130.000000,652.499999,
1.410000,-0.946433,-0.372852,9.996658,0.009169,-0.999906,0.010121,0.999281,0.009535,0.036661,-0.036754,0.009777,0.999277,5.000001,0.000005,130.000000,652.499999,
1.420000,-0.921820,-0.447581,9.995183,-0.090641,-0.995882,0.000961,0.995369,-0.090564,0.032188,-0.031968,0.003874,0.999481,5.000000,0.000005,130.000000,652.499999,
1.430000,-0.892793,-0.520154,9.993494,-0.189571,-0.981839,-0.007338,0.981493,-0.189699,0.026130,-0.027047,-0.002249,0.999632,4.999999,0.000004,130.000000,652.499999,
1.440000,-0.859493,-0.590221,9.991622,-0.286630,-0.957930,-0.014517,0.957787,-0.286870,0.018653,-0.022033,-0.008558,0.999721,4.999998,0.000003,130.000000,652.499999,
1.450000,-0.822083,-0.657448,9.989604,-0.380847,-0.924413,-0.020352,0.924481,-0.381095,0.009968,-0.016971,-0.015019,0.999743,4.999997,0.000002,130.000000,652.499998,
1.460000,-0.780746,-0.721513,9.987478,-0.471278,-0.881639,-0.024653,0.881903,-0.471428,0.000318,-0.011903,-0.021592,0.999696,4.999996,0.000001,130.000000,652.499998,
1.470000,-0.735680,-0.782112,9.985285,-0.557014,-0.830054,-0.027278,0.830473,-0.556966,-0.010025,-0.006872,-0.028237,0.999578,4.999996,-0.000001,130.000000,652.499998,
1.480000,-0.687106,-0.838956,9.983066,-0.637192,-0.770190,-0.028130,0.770701,-0.636857,-0.020767,-0.001920,-0.034912,0.999389,4.999996,-0.000002,130.000000,652.499998,
1.490000,-0.635257,-0.891776,9.980865,-0.711004,-0.702662,-0.027164,0.703181,-0.710307,-0.031605,0.002913,-0.041573,0.999131,4.999996,-0.000004,130.000000,652.499998,
1.500000,-0.580383,-0.940323,9.978722,-0.777703,-0.628158,-0.024387,0.628585,-0.776592,-0.042231,0.007589,-0.048173,0.998810,4.999996,-0.000005,130.000000,652.499998,
1.510000,-0.522748,-0.984367,9.976680,-0.836614,-0.547432,-0.019857,0.547659,-0.835062,-0.052342,0.012072,-0.054665,0.998432,4.999997,-0.000006,130.000000,652.499998,
1.520000,-0.462629,-1.023702,9.974777,-0.887139,-0.461298,-0.013684,0.461212,-0.885144,-0.061651,0.016327,-0.061004,0.998004,4.999997,-0.000008,130.000000,652.499997,
1.530000,-0.400311,-1.058143,9.973049,-0.928764,-0.370620,-0.006021,0.370112,-0.926353,-0.069891,0.020325,-0.067141,0.997536,4.999998,-0.000009,130.000000,652.499997,
1.540000,-0.336094,-1.087530,9.971529,-0.961064,-0.276306,0.002932,0.275274,-0.958290,-0.076827,0.024037,-0.073029,0.997040,4.999999,-0.000010,130.000000,652.499997,
1.550000,-0.270283,-1.111724,9.970246,-0.983710,-0.179292,0.012941,0.177652,-0.980648,-0.082260,0.027439,-0.078621,0.996527,5.000001,-0.000011,129.999999,652.499997,
1.560000,-0.203190,-1.130613,9.969225,-0.996467,-0.080543,0.023742,0.078231,-0.993215,-0.086034,0.030511,-0.083872,0.996009,5.000002,-0.000011,129.999999,652.499997,
1.570000,-0.135134,-1.144109,9.968484,-0.999205,0.018964,0.035048,-0.021988,-0.995873,-0.088037,0.033233,-0.088738,0.995500,5.000004,-0.000011,129.999999,652.499997,
1.580000,-0.066437,-1.152149,9.968039,-0.991891,0.118245,0.046555,-0.121993,-0.988602,-0.088210,0.035594,-0.093175,0.995013,5.000005,-0.000012,129.999999,652.499997,
1.590000,0.002574,-1.154697,9.967897,-0.974599,0.216321,0.057958,-0.220774,-0.971476,-0.086545,0.037584,-0.097143,0.994561,5.000007,-0.000011,129.999999,652.499997,
1.600000,0.071572,-1.151739,9.968062,-0.947502,0.312222,0.068952,-0.317334,-0.944666,-0.083085,0.039195,-0.100604,0.994154,5.000008,-0.000011,129.999999,652.499997,
1.610000,0.140232,-1.143290,9.968529,-0.910874,0.405003,0.079242,-0.410697,-0.908435,-0.077923,0.040427,-0.103522,0.993805,5.000009,-0.000010,129.999999,652.499997,
1.620000,0.208227,-1.129390,9.969291,-0.865084,0.493746,0.088557,-0.499923,-0.863137,-0.071201,0.041281,-0.105866,0.993523,5.000011,-0.000010,129.999999,652.499997,
1.630000,0.275236,-1.110102,9.970333,-0.810597,0.577571,0.096650,-0.584111,-0.809216,-0.063105,0.041763,-0.107607,0.993316,5.000012,-0.000009,129.999999,652.499997,
1.640000,0.340939,-1.085517,9.971634,-0.747965,0.655647,0.103310,-0.662414,-0.747198,-0.053859,0.041881,-0.108718,0.993190,5.000013,-0.000008,129.999999,652.499997,
1.650000,0.405025,-1.055749,9.973171,-0.677821,0.727195,0.108368,-0.734044,-0.677691,-0.043719,0.041648,-0.109180,0.993149,5.000013,-0.000006,129.999999,652.499997,
1.660000,0.467189,-1.020937,9.974913,-0.600877,0.791498,0.111698,-0.798284,-0.601376,-0.032967,0.041079,-0.108976,0.993195,5.000014,-0.000005,129.999999,652.499997,
1.670000,0.527133,-0.981245,9.976828,-0.517908,0.847908,0.113225,-0.854490,-0.519004,-0.021901,0.040194,-0.108092,0.993328,5.000014,-0.000004,129.999999,652.499997,
1.680000,0.584571,-0.936857,9.978879,-0.429754,0.895856,0.112923,-0.902101,-0.431386,-0.010829,0.039013,-0.106522,0.993545,5.000014,-0.000002,129.999999,652.499997,
1.690000,0.639229,-0.887984,9.981027,-0.337304,0.934849,0.110821,-0.940645,-0.339389,-0.000056,0.037559,-0.104262,0.993840,5.000014,-0.000001,129.999999,652.499998,
1.700000,0.690842,-0.834855,9.983232,-0.241488,0.964486,0.106997,-0.969740,-0.243926,0.010119,0.035859,-0.101315,0.994208,5.000014,0.000001,129.999999,652.499998,
1.710000,0.739163,-0.777722,9.985450,-0.143269,0.984456,0.101577,-0.989100,-0.145949,0.019416,0.033940,-0.097688,0.994638,5.000013,0.000002,129.999999,652.499998,
1.720000,0.783958,-0.716854,9.987639,-0.043635,0.994544,0.094736,-0.998539,-0.046437,0.027582,0.031830,-0.093394,0.995120,5.000012,0.000003,129.999999,652.499998,
1.730000,0.825009,-0.652543,9.989759,0.056418,0.994636,0.086687,-0.997968,0.053609,0.034393,0.029561,-0.088451,0.995642,5.000011,0.000004,129.999999,652.499998,
1.740000,0.862119,-0.585093,9.991767,0.155887,0.984715,0.077676,-0.987400,0.153183,0.039668,0.027163,-0.082881,0.996189,5.000010,0.000005,129.999999,652.499998,
1.750000,0.895106,-0.514827,9.993627,0.253778,0.964869,0.067979,-0.966947,0.251276,0.043268,0.024666,-0.076712,0.996748,5.000009,0.000005,129.999999,652.499998,
1.760000,0.923809,-0.442082,9.995301,0.349116,0.935288,0.057890,-0.936818,0.346895,0.045104,0.022104,-0.069979,0.997304,5.000008,0.000006,129.999999,652.499998,
1.770000,0.948087,-0.367206,9.996758,0.440948,0.896262,0.047714,-0.897319,0.439066,0.045137,0.019505,-0.062718,0.997841,5.000006,0.000006,130.000000,652.499999,
1.780000,0.967823,-0.290559,9.997970,0.528362,0.848178,0.037759,-0.848849,0.526849,0.043382,0.016902,-0.054973,0.998345,5.000005,0.000005,130.000000,652.499999,
1.790000,0.982919,-0.212510,9.998914,0.610487,0.791518,0.028324,-0.791895,0.609350,0.039903,0.014324,-0.046790,0.998802,5.000004,0.000005,130.000000,652.499999,
1.800000,0.993301,-0.133435,9.999572,0.686506,0.726855,0.019696,-0.727027,0.685724,0.034815,0.011800,-0.038220,0.999200,5.000003,0.000004,130.000000,652.499999,
1.810000,0.998917,-0.053716,9.999931,0.755663,0.654846,0.012135,-0.654892,0.755192,0.028282,0.009356,-0.029318,0.999526,5.000002,0.000004,130.000000,652.499999,
1.820000,0.999741,0.026262,9.999983,0.817270,0.576223,0.005872,-0.576210,0.817043,0.020506,0.007018,-0.020142,0.999772,5.000001,0.000003,130.000000,652.499999,
1.830000,0.995768,0.106113,9.999729,0.870713,0.491788,0.001100,-0.491766,0.870647,0.011728,0.004810,-0.010752,0.999931,5.000000,0.000002,130.000000,652.499999,
1.840000,0.987018,0.185452,9.999173,0.915459,0.402404,-0.002032,-0.402399,0.915460,0.002217,0.002752,-0.001211,0.999995,5.000000,0.000000,130.000000,652.499999,
1.850000,0.973534,0.263896,9.998326,0.951060,0.308983,-0.003422,-0.309001,0.951029,-0.007737,0.000864,0.008416,0.999964,4.999999,-0.000001,130.000000,652.499999,
1.860000,0.955382,0.341067,9.997203,0.977159,0.212481,-0.003020,-0.212501,0.976997,-0.017829,-0.000838,0.018064,0.999836,4.999999,-0.000002,130.000000,652.499999,
1.870000,0.932651,0.416592,9.995827,0.993493,0.113881,-0.000826,-0.113860,0.993108,-0.027752,-0.002340,0.027666,0.999614,5.000000,-0.000004,130.000000,652.499998,
1.880000,0.905453,0.490109,9.994224,0.999893,0.014187,0.003107,-0.014061,0.999207,-0.037203,-0.003632,0.037155,0.999303,5.000000,-0.000005,130.000000,652.499998,
1.890000,0.873920,0.561265,9.992425,0.996291,-0.085588,0.008676,0.085898,0.995245,-0.045891,-0.004707,0.046466,0.998909,5.000001,-0.000006,130.000000,652.499998,
1.900000,0.838207,0.629719,9.990463,0.982718,-0.184433,0.015729,0.185019,0.981273,-0.053549,-0.005558,0.055533,0.998441,5.000002,-0.000007,130.000000,652.499998,
1.910000,0.798487,0.695143,9.988377,0.959302,-0.281351,0.024073,0.282311,0.957447,-0.059937,-0.006185,0.064294,0.997912,5.000003,-0.000008,130.000000,652.499998,
1.920000,0.754954,0.757227,9.986207,0.926271,-0.375366,0.033476,0.376798,0.924021,-0.064853,-0.006589,0.072685,0.997333,5.000004,-0.000009,130.000000,652.499998,
1.930000,0.707818,0.815674,9.983994,0.883949,-0.465536,0.043677,0.467532,0.881345,-0.068136,-0.006774,0.080649,0.996720,5.000005,-0.000009,129.999999,652.499998,
1.940000,0.657308,0.870207,9.981780,0.832754,-0.550962,0.054389,0.553599,0.829862,-0.069673,-0.006748,0.088130,0.996086,5.000006,-0.000009,129.999999,652.499998,
1.950000,0.603667,0.920569,9.979608,0.773194,-0.630795,0.065311,0.634133,0.770101,-0.069398,-0.006520,0.095074,0.995449,5.000008,-0.000010,129.999999,652.499997,
1.960000,0.547154,0.966521,9.977519,0.705861,-0.704244,0.076137,0.708322,0.702672,-0.067300,-0.006104,0.101434,0.994824,5.000009,-0.000009,129.999999,652.499997,
1.970000,0.488038,1.007848,9.975553,0.631427,-0.770587,0.086562,0.775414,0.628258,-0.063417,-0.005515,0.107165,0.994226,5.000011,-0.000009,129.999999,652.499997,
1.980000,0.426604,1.044356,9.973747,0.550636,-0.829172,0.096291,0.834730,0.547610,-0.057840,-0.004770,0.112226,0.993671,5.000012,-0.000008,129.999999,652.499997,
1.990000,0.363144,1.075873,9.972137,0.464297,-0.879426,0.105050,0.885670,0.461536,-0.050708,-0.003891,0.116584,0.993173,5.000013,-0.000007,129.999999,652.499997,
2.000000,0.297961,1.102252,9.970751,0.373278,-0.920860,0.112592,0.927714,0.370896,-0.042203,-0.002897,0.120206,0.992745,5.000014,-0.000006,129.999999,652.499997,
2.010000,0.231365,1.123370,9.969618,0.278494,-0.953073,0.118702,0.960435,0.276591,-0.032547,-0.001813,0.123070,0.992396,5.000015,-0.000005,129.999999,652.499997,
2.020000,0.163672,1.139129,9.968759,0.180899,-0.975752,0.123208,0.983500,0.179558,-0.021994,-0.000663,0.125154,0.992137,5.000016,-0.000004,129.999999,652.499997,
2.030000,0.095204,1.149455,9.968189,0.081478,-0.988679,0.125983,0.996674,0.080757,-0.010825,0.000528,0.126446,0.991973,5.000016,-0.000002,129.999999,652.499997,
2.040000,0.026285,1.154301,9.967919,-0.018767,-0.991731,0.126946,0.999821,-0.018835,0.000664,0.001733,0.126936,0.991909,5.000017,-0.000001,129.999999,652.499997,
2.050000,-0.042758,1.153644,9.967956,-0.118825,-0.984878,0.126070,0.992909,-0.118237,0.012164,0.002926,0.126622,0.991947,5.000017,0.000001,129.999999,652.499997,
2.060000,-0.111600,1.147487,9.968298,-0.217685,-0.968188,0.123379,0.976009,-0.216465,0.023370,0.004080,0.125506,0.992084,5.000016,0.000002,129.999999,652.499997,
2.070000,-0.179912,1.135859,9.968938,-0.314351,-0.941824,0.118947,0.949291,-0.312551,0.033983,0.005171,0.123598,0.992319,5.000016,0.000004,129.999999,652.499997,
2.080000,-0.247372,1.118813,9.969865,-0.407847,-0.906042,0.112898,0.913028,-0.405543,0.043721,0.006172,0.120910,0.992644,5.000015,0.000005,129.999999,652.499997,
2.090000,-0.313659,1.096429,9.971060,-0.497231,-0.861190,0.105402,0.867588,-0.494521,0.052326,0.007060,0.117463,0.993052,5.000014,0.000006,129.999999,652.499997,
2.100000,-0.378459,1.068812,9.972502,-0.581606,-0.807705,0.096668,0.813432,-0.578599,0.059575,0.007813,0.113282,0.993532,5.000013,0.000007,129.999999,652.499997,
2.110000,-0.441462,1.036089,9.974162,-0.660121,-0.746108,0.086942,0.751110,-0.656940,0.065280,0.008410,0.108396,0.994072,5.000012,0.000008,129.999999,652.499997,
2.120000,-0.502369,0.998415,9.976009,-0.731992,-0.677003,0.076496,0.681254,-0.728757,0.069299,0.008832,0.102840,0.994659,5.000011,0.000008,129.999999,652.499997,
2.130000,-0.560889,0.955966,9.978008,-0.796497,-0.601068,0.065623,0.604572,-0.793330,0.071538,0.009062,0.096654,0.995277,5.000009,0.000009,129.999999,652.499997,
2.140000,-0.616741,0.908941,9.980120,-0.852994,-0.519051,0.054628,0.521839,-0.850003,0.071952,0.009087,0.089882,0.995911,5.000008,0.000009,129.999999,652.499997,
2.150000,-0.669658,0.857561,9.982306,-0.900921,-0.431763,0.043817,0.433889,-0.898198,0.070551,0.008895,0.082572,0.996545,5.000006,0.000009,129.999999,652.499997,
2.160000,-0.719384,0.802069,9.984524,-0.939802,-0.340070,0.033492,0.341610,-0.937421,0.067393,0.008478,0.074777,0.997164,5.000005,0.000009,129.999999,652.499997,
2.170000,-0.765680,0.742728,9.986730,-0.969254,-0.244887,0.023941,0.245930,-0.967263,0.062588,0.007830,0.066552,0.997752,5.000004,0.000008,129.999999,652.499998,
2.180000,-0.808321,0.679820,9.988884,-0.988990,-0.147166,0.015428,0.147809,-0.987411,0.056293,0.006949,0.057954,0.998295,5.000003,0.000007,130.000000,652.499998,
2.190000,-0.847102,0.613643,9.990944,-0.998818,-0.047890,0.008187,0.048233,-0.997646,0.048708,0.005835,0.049045,0.998780,5.000002,0.000006,130.000000,652.499998,
2.200000,-0.881832,0.544514,9.992870,-0.998646,0.051942,0.002417,-0.051803,-0.997852,0.040067,0.004493,0.039888,0.999194,5.000001,0.000005,130.000000,652.499998,
2.210000,-0.912344,0.472763,9.994626,-0.988482,0.151317,-0.001728,-0.151299,-0.988012,0.030638,0.002928,0.030547,0.999529,5.000000,0.000004,130.000000,652.499998,
2.220000,-0.938487,0.398734,9.996177,-0.968434,0.249228,-0.004141,-0.249260,-0.968214,0.020708,0.001152,0.021086,0.999777,5.000000,0.000003,130.000000,652.499998,
2.230000,-0.960134,0.322783,9.997495,-0.938707,0.344678,-0.004763,-0.344710,-0.938648,0.010579,-0.000824,0.011573,0.999933,5.000000,0.000001,130.000000,652.499998,
2.240000,-0.977180,0.245275,9.998554,-0.899601,0.436694,-0.003589,-0.436699,-0.899606,0.000560,-0.002984,0.002071,0.999993,5.000000,0.000000,130.000000,652.499998,
2.250000,-0.989539,0.166583,9.999333,-0.851509,0.524336,-0.000665,-0.524310,-0.851478,-0.009045,-0.005309,-0.007353,0.999959,5.000000,-0.000001,130.000000,652.499998,
2.260000,-0.997152,0.087086,9.999818,-0.794913,0.606708,0.003911,-0.606670,-0.794749,-0.017943,-0.007778,-0.016636,0.999831,5.000001,-0.000002,130.000000,652.499998,
2.270000,-0.999981,0.007170,9.999999,-0.730379,0.682967,0.009994,-0.682961,-0.729994,-0.025865,-0.010369,-0.025716,0.999615,5.000001,-0.000003,130.000000,652.499998,
2.280000,-0.998011,-0.072782,9.999873,-0.658549,0.752335,0.017395,-0.752423,-0.657872,-0.032565,-0.013056,-0.034535,0.999318,5.000002,-0.000004,130.000000,652.499998,
2.290000,-0.991254,-0.152382,9.999442,-0.580138,0.814105,0.025888,-0.814363,-0.579119,-0.037838,-0.015812,-0.043033,0.998948,5.000003,-0.000005,130.000000,652.499998,
2.300000,-0.979742,-0.231246,9.998714,-0.495928,0.867647,0.035212,-0.868162,-0.494538,-0.041517,-0.018608,-0.051159,0.998517,5.000005,-0.000006,130.000000,652.499998,
2.310000,-0.963531,-0.308994,9.997705,-0.406757,0.912422,0.045085,-0.913284,-0.404992,-0.043481,-0.021414,-0.058862,0.998036,5.000006,-0.000006,130.000000,652.499998,
2.320000,-0.942701,-0.385252,9.996432,-0.313511,0.947977,0.055207,-0.949275,-0.311397,-0.043662,-0.024200,-0.066095,0.997520,5.000007,-0.000006,129.999999,652.499998,
2.330000,-0.917355,-0.459652,9.994920,-0.217119,0.973959,0.065271,-0.975772,-0.214706,-0.042041,-0.026932,-0.072818,0.996982,5.000008,-0.000006,129.999999,652.499998,
2.340000,-0.887616,-0.531836,9.993198,-0.118543,0.990113,0.074972,-0.992507,-0.115902,-0.038651,-0.029580,-0.078992,0.996436,5.000010,-0.000005,129.999999,652.499998,
2.350000,-0.853630,-0.601460,9.991300,-0.018765,0.996286,0.084013,-0.999306,-0.015990,-0.033578,-0.032110,-0.084585,0.995899,5.000011,-0.000005,129.999999,652.499998,
2.360000,-0.815562,-0.668190,9.989262,0.081218,0.992429,0.092118,-0.996098,0.084021,-0.026956,-0.034492,-0.089570,0.995383,5.000012,-0.000004,129.999999,652.499998,
2.370000,-0.773598,-0.731706,9.987122,0.180406,0.978592,0.099037,-0.982906,0.183120,-0.018963,-0.036692,-0.093923,0.994903,5.000013,-0.000003,129.999999,652.499998,
2.380000,-0.727941,-0.791708,9.984921,0.277805,0.954929,0.104553,-0.959857,0.280313,-0.009817,-0.038683,-0.097629,0.994471,5.000014,-0.000002,129.999999,652.499997,
2.390000,-0.678813,-0.847909,9.982703,0.372437,0.921693,0.108489,-0.927174,0.374625,0.000228,-0.040433,-0.100674,0.994098,5.000014,-0.000001,129.999999,652.499997,
2.400000,-0.626450,-0.900045,9.980508,0.463352,0.879229,0.110714,-0.885180,0.465117,0.010895,-0.041915,-0.103051,0.993793,5.000015,0.000001,129.999999,652.499997,
2.410000,-0.571104,-0.947867,9.978379,0.549635,0.827976,0.111145,-0.834290,0.550888,0.021889,-0.043105,-0.104758,0.993563,5.000015,0.000002,129.999999,652.499997,
