time,p1,p2,p3,v1,v2,v3,r11,r12,r13,r11,r12,r13,r11,r12,r13,omega1,omega2,omega3,
0.100000,0.000000,0.000000,0.000000,0.000000,0.000000,0.000000,0.994960,-0.099346,0.013624,0.100198,0.990317,-0.096086,-0.003946,0.096967,0.995280,0.969984,0.088283,1.002597,
0.200000,0.000000,0.000000,0.000000,0.000000,0.000000,0.000000,0.979696,-0.195487,0.044508,0.200377,0.962161,-0.184649,-0.006728,0.189818,0.981796,0.925578,0.169056,1.009637,
0.300000,0.000000,0.000000,0.000000,0.000000,0.000000,0.000000,0.954000,-0.285797,0.090574,0.299695,0.917317,-0.262130,-0.008169,0.277216,0.960773,0.868682,0.239556,1.020545,
0.400000,0.000000,0.000000,0.000000,0.000000,0.000000,0.000000,0.917710,-0.368183,0.149166,0.397170,0.858020,-0.325666,-0.008083,0.358111,0.933644,0.801707,0.297566,1.034596,
0.500000,0.000000,0.000000,0.000000,0.000000,0.000000,0.000000,0.870757,-0.441126,0.217233,0.491673,0.786764,-0.373176,-0.006293,0.431753,0.901970,0.727417,0.341507,1.050967,
0.600000,0.000000,0.000000,0.000000,0.000000,0.000000,0.000000,0.813217,-0.503688,0.291506,0.581954,0.706124,-0.403382,-0.002661,0.497681,0.867356,0.648761,0.370481,1.068788,
0.700000,0.000000,0.000000,0.000000,0.000000,0.000000,0.000000,0.745347,-0.555461,0.368675,0.666670,0.618596,-0.415800,0.002900,0.555700,0.831378,0.568712,0.384262,1.087190,
0.800000,0.000000,0.000000,0.000000,0.000000,0.000000,0.000000,0.667614,-0.596487,0.445527,0.744435,0.526467,-0.410670,0.010404,0.605835,0.795522,0.490119,0.383254,1.105346,
0.900000,0.000000,0.000000,0.000000,0.000000,0.000000,0.000000,0.580710,-0.627164,0.519077,0.813870,0.431728,-0.388879,0.019791,0.648287,0.761139,0.415598,0.368412,1.122503,
1.000000,0.000000,0.000000,0.000000,0.000000,0.000000,0.000000,0.485554,-0.648136,0.586650,0.873660,0.336030,-0.351855,0.030918,0.683377,0.729411,0.347433,0.341147,1.138010,
1.100000,0.000000,0.000000,0.000000,0.000000,0.000000,0.000000,0.383278,-0.660185,0.645951,0.922605,0.240661,-0.301468,0.043569,0.711504,0.701330,0.287527,0.303228,1.151331,
1.200000,0.000000,0.000000,0.000000,0.000000,0.000000,0.000000,0.275210,-0.664145,0.695105,0.959666,0.146569,-0.239915,0.057457,0.733096,0.677694,0.237364,0.256677,1.162053,
1.300000,0.000000,0.000000,0.000000,0.000000,0.000000,0.000000,0.162837,-0.660811,0.732675,0.984005,0.054398,-0.169632,0.072238,0.748578,0.659099,0.197998,0.203676,1.169889,
1.400000,0.000000,0.000000,0.000000,0.000000,0.000000,0.000000,0.047772,-0.650887,0.757670,0.995016,-0.035456,-0.093196,0.087524,0.758346,0.645950,0.170063,0.146476,1.174674,
1.500000,0.000000,0.000000,0.000000,0.000000,0.000000,0.000000,-0.068289,-0.634938,0.769539,0.992345,-0.122782,-0.013245,0.102895,0.762744,0.638463,0.153790,0.087326,1.176358,
1.600000,0.000000,0.000000,0.000000,0.000000,0.000000,0.000000,-0.183610,-0.613370,0.768157,0.975901,-0.207482,0.067592,0.117920,0.762055,0.636684,0.149032,0.028404,1.174994,
1.700000,0.000000,0.000000,0.000000,0.000000,0.000000,0.000000,-0.296456,-0.586422,0.753806,0.945857,-0.289506,0.146766,0.132165,0.756503,0.640497,0.155302,-0.028232,1.170735,
1.800000,0.000000,0.000000,0.000000,0.000000,0.000000,0.000000,-0.405141,-0.554178,0.727150,0.902648,-0.368787,0.221861,0.145213,0.746246,0.649638,0.171803,-0.080691,1.163813,
1.900000,0.000000,0.000000,0.000000,0.000000,0.000000,0.000000,-0.508061,-0.516594,0.689206,0.846951,-0.445188,0.290656,0.156675,0.731395,0.663713,0.197466,-0.127289,1.154538,
2.000000,0.000000,0.000000,0.000000,0.000000,0.000000,0.000000,-0.603734,-0.473530,0.641306,0.779668,-0.518458,0.351168,0.166202,0.712018,0.682207,0.230992,-0.166577,1.143277,
2.100000,0.000000,0.000000,0.000000,0.000000,0.000000,0.000000,-0.690828,-0.424797,0.585068,0.701895,-0.588198,0.401704,0.173493,0.688164,0.704507,0.270885,-0.197370,1.130449,
2.200000,0.000000,0.000000,0.000000,0.000000,0.000000,0.000000,-0.768187,-0.370205,0.522339,0.614895,-0.653845,0.440897,0.178306,0.659875,0.729912,0.315498,-0.218769,1.116508,
2.300000,0.000000,0.000000,0.000000,0.000000,0.000000,0.000000,-0.834848,-0.309617,0.455155,0.520060,-0.714666,0.467750,0.180460,0.627208,0.757657,0.363069,-0.230180,1.101936,
2.400000,0.000000,0.000000,0.000000,0.000000,0.000000,0.000000,-0.890057,-0.243003,0.385678,0.418874,-0.769773,0.481657,0.179840,0.590253,0.786930,0.411773,-0.231330,1.087224,
2.500000,0.000000,0.000000,0.000000,0.000000,0.000000,0.000000,-0.933270,-0.170485,0.316137,0.312876,-0.818147,0.482436,0.176398,0.549154,0.816892,0.459764,-0.222274,1.072865,
2.600000,0.000000,0.000000,0.000000,0.000000,0.000000,0.000000,-0.964151,-0.092381,0.248753,0.203622,-0.858677,0.470331,0.170149,0.504122,0.846706,0.505232,-0.203402,1.059332,
2.700000,0.000000,0.000000,0.000000,0.000000,0.000000,0.000000,-0.982568,-0.009237,0.185672,0.092652,-0.890215,0.446018,0.161168,0.455446,0.875553,0.546451,-0.175431,1.047072,
2.800000,0.000000,0.000000,0.000000,0.000000,0.000000,0.000000,-0.988575,0.078155,0.128886,-0.018542,-0.911633,0.410588,0.149586,0.403507,0.902666,0.581843,-0.139392,1.036482,
2.900000,0.000000,0.000000,0.000000,0.000000,0.000000,0.000000,-0.982393,0.168755,0.080158,-0.128538,-0.921888,0.365514,0.135579,0.348775,0.927348,0.610028,-0.096607,1.027904,
3.000000,0.000000,0.000000,0.000000,0.000000,0.000000,0.000000,-0.964392,0.261286,0.040956,-0.236009,-0.920096,0.312606,0.119363,0.291809,0.948999,0.629882,-0.048646,1.021601,
3.100000,0.000000,0.000000,0.000000,0.000000,0.000000,0.000000,-0.935064,0.354262,0.012386,-0.339732,-0.905590,0.253948,0.101181,0.233250,0.967138,0.640584,0.002718,1.017753,
3.200000,0.000000,0.000000,0.000000,0.000000,0.000000,0.000000,-0.895001,0.446038,-0.004854,-0.438594,-0.877976,0.191816,0.081295,0.173805,0.981419,0.641655,0.055576,1.016448,
3.300000,0.000000,0.000000,0.000000,0.000000,0.000000,0.000000,-0.844871,0.534866,-0.010508,-0.531596,-0.837180,0.128588,0.059980,0.114226,0.991642,0.632988,0.107953,1.017669,
3.400000,0.000000,0.000000,0.000000,0.000000,0.000000,0.000000,-0.785406,0.618963,-0.004772,-0.617844,-0.783471,0.066647,0.037513,0.055294,0.997765,0.614859,0.157889,1.021301,
3.500000,0.000000,0.000000,0.000000,0.000000,0.000000,0.000000,-0.717377,0.696587,0.011708,-0.696541,-0.717469,0.008281,0.014168,-0.002215,0.999897,0.587919,0.203521,1.027133,
3.600000,0.000000,0.000000,0.000000,0.000000,0.000000,0.000000,-0.641597,0.766106,0.037873,-0.766980,-0.640132,-0.044421,-0.009788,-0.057548,0.998295,0.553173,0.243167,1.034863,
3.700000,0.000000,0.000000,0.000000,0.000000,0.000000,0.000000,-0.558906,0.826073,0.072297,-0.828529,-0.552722,-0.089650,-0.034097,-0.110006,0.993346,0.511937,0.275400,1.044116,
3.800000,0.000000,0.000000,0.000000,0.000000,0.000000,0.000000,-0.470180,0.875273,0.113260,-0.880629,-0.456758,-0.125953,-0.058511,-0.158960,0.985550,0.465777,0.299111,1.054458,
3.900000,0.000000,0.000000,0.000000,0.000000,0.000000,0.000000,-0.376326,0.912772,0.158827,-0.922781,-0.353953,-0.152291,-0.082790,-0.203873,0.975490,0.416439,0.313556,1.065419,
4.000000,0.000000,0.000000,0.000000,0.000000,0.000000,0.000000,-0.278293,0.937938,0.206942,-0.954551,-0.246140,-0.168070,-0.106702,-0.244310,0.963809,0.365764,0.318384,1.076515,
4.100000,0.000000,0.000000,0.000000,0.000000,0.000000,0.000000,-0.177078,0.950448,0.255523,-0.975571,-0.135208,-0.173147,-0.130019,-0.279942,0.951172,0.315607,0.313646,1.087269,
4.200000,0.000000,0.000000,0.000000,0.000000,0.000000,0.000000,-0.073722,0.950278,0.302550,-0.985548,-0.023026,-0.167825,-0.152514,-0.310550,0.938242,0.267752,0.299779,1.097235,
4.300000,0.000000,0.000000,0.000000,0.000000,0.000000,0.000000,0.030680,0.937677,0.346150,-0.984274,0.088616,-0.152812,-0.173962,-0.336019,0.925650,0.223834,0.277578,1.106015,
4.400000,0.000000,0.000000,0.000000,0.000000,0.000000,0.000000,0.134986,0.913130,0.384671,-0.971643,0.198052,-0.129173,-0.194137,-0.356326,0.913971,0.185277,0.248141,1.113277,
4.500000,0.000000,0.000000,0.000000,0.000000,0.000000,0.000000,0.238018,0.877314,0.416735,-0.947660,0.303783,-0.098271,-0.212812,-0.371533,0.903701,0.153237,0.212816,1.118763,
4.600000,0.000000,0.000000,0.000000,0.000000,0.000000,0.000000,0.338568,0.831048,0.441284,-0.912459,0.404491,-0.061687,-0.229760,-0.381768,0.895245,0.128568,0.173126,1.122302,
4.700000,0.000000,0.000000,0.000000,0.000000,0.000000,0.000000,0.435417,0.775252,0.457598,-0.866316,0.499048,-0.021152,-0.244762,-0.387214,0.888908,0.111802,0.130702,1.123809,
4.800000,0.000000,0.000000,0.000000,0.000000,0.000000,0.000000,0.527356,0.710902,0.465311,-0.809652,0.586515,0.021534,-0.257603,-0.388096,0.884885,0.103143,0.087205,1.123286,
4.900000,0.000000,0.000000,0.000000,0.000000,0.000000,0.000000,0.613207,0.638993,0.464398,-0.743040,0.666124,0.064576,-0.268083,-0.384665,0.883269,0.102478,0.044264,1.120813,
5.000000,0.000000,0.000000,0.000000,0.000000,0.000000,0.000000,0.691844,0.560516,0.455163,-0.667207,0.737257,0.106246,-0.276019,-0.377193,0.884047,0.109397,0.003411,1.116548,
5.100000,0.000000,0.000000,0.000000,0.000000,0.000000,0.000000,0.762223,0.476438,0.438205,-0.583021,0.799423,0.144947,-0.281253,-0.365964,0.887112,0.123228,-0.033972,1.110708,
5.200000,0.000000,0.000000,0.000000,0.000000,0.000000,0.000000,0.823396,0.387694,0.414382,-0.491488,0.852235,0.179262,-0.283652,-0.351267,0.892274,0.143073,-0.066692,1.103563,
5.300000,0.000000,0.000000,0.000000,0.000000,0.000000,0.000000,0.874538,0.295186,0.384770,-0.393733,0.895384,0.207996,-0.283119,-0.333397,0.899272,0.167856,-0.093787,1.095423,
5.400000,0.000000,0.000000,0.000000,0.000000,0.000000,0.000000,0.914962,0.199786,0.350613,-0.290983,0.928619,0.230207,-0.279594,-0.312654,0.907786,0.196369,-0.114541,1.086619,
5.500000,0.000000,0.000000,0.000000,0.000000,0.000000,0.000000,0.944132,0.102350,0.313272,-0.184543,0.951739,0.245228,-0.273054,-0.289340,0.917455,0.227321,-0.128500,1.077498,
5.600000,0.000000,0.000000,0.000000,0.000000,0.000000,0.000000,0.961673,0.003726,0.274173,-0.075776,0.964579,0.252677,-0.263520,-0.263768,0.927892,0.259389,-0.135477,1.068403,
5.700000,0.000000,0.000000,0.000000,0.000000,0.000000,0.000000,0.967378,-0.095227,0.234760,0.033925,0.967013,0.252458,-0.251056,-0.236258,0.938697,0.291263,-0.135543,1.059663,
5.800000,0.000000,0.000000,0.000000,0.000000,0.000000,0.000000,0.961207,-0.193632,0.196436,0.143159,0.958957,0.244759,-0.235767,-0.207143,0.949477,0.321694,-0.129019,1.051584,
5.900000,0.000000,0.000000,0.000000,0.000000,0.000000,0.000000,0.943288,-0.290584,0.160524,0.250542,0.940380,0.230032,-0.217797,-0.176768,0.959853,0.349533,-0.116451,1.044436,
6.000000,0.000000,0.000000,0.000000,0.000000,0.000000,0.000000,0.913908,-0.385140,0.128220,0.354730,0.911317,0.208968,-0.197331,-0.145494,0.969480,0.373764,-0.098587,1.038447,
6.100000,0.000000,0.000000,0.000000,0.000000,0.000000,0.000000,0.873501,-0.476324,0.100553,0.454439,0.871888,0.182471,-0.174586,-0.113694,0.978056,0.393543,-0.076342,1.033794,
6.200000,0.000000,0.000000,0.000000,0.000000,0.000000,0.000000,0.822645,-0.563130,0.078354,0.548462,0.822315,0.151617,-0.149811,-0.081752,0.985329,0.408213,-0.050760,1.030598,
6.300000,0.000000,0.000000,0.000000,0.000000,0.000000,0.000000,0.762039,-0.644534,0.062233,0.635687,0.762935,0.117608,-0.123282,-0.050061,0.991108,0.417332,-0.022979,1.028925,
6.400000,0.000000,0.000000,0.000000,0.000000,0.000000,0.000000,0.692492,-0.719508,0.052557,0.715104,0.694223,0.081731,-0.095293,-0.019015,0.995268,0.420676,0.005820,1.028780,
6.500000,0.000000,0.000000,0.000000,0.000000,0.000000,0.000000,0.614908,-0.787047,0.049447,0.785819,0.616795,0.045307,-0.066157,0.010997,0.997749,0.418243,0.034449,1.030111,
6.600000,0.000000,0.000000,0.000000,0.000000,0.000000,0.000000,0.530270,-0.846185,0.052774,0.847056,0.531416,0.009636,-0.036199,0.039593,0.998560,0.410254,0.061763,1.032809,
6.700000,0.000000,0.000000,0.000000,0.000000,0.000000,0.000000,0.439623,-0.896028,0.062175,0.898164,0.439002,-0.024046,-0.005749,0.066415,0.997776,0.397132,0.086698,1.036719,
6.800000,0.000000,0.000000,0.000000,0.000000,0.000000,0.000000,0.344063,-0.935779,0.077067,0.938618,0.340609,-0.054616,0.024858,0.091128,0.995529,0.379485,0.108312,1.041642,
6.900000,0.000000,0.000000,0.000000,0.000000,0.000000,0.000000,0.244722,-0.964761,0.096677,0.968016,0.237420,-0.081102,0.055291,0.113432,0.992006,0.358082,0.125815,1.047343,
7.000000,0.000000,0.000000,0.000000,0.000000,0.000000,0.000000,0.142757,-0.982447,0.120078,0.986082,0.130730,-0.102722,0.085221,0.133071,0.987436,0.333813,0.138599,1.053567,
7.100000,0.000000,0.000000,0.000000,0.000000,0.000000,0.000000,0.039339,-0.988469,0.146228,0.992664,0.021916,-0.118904,0.114328,0.149832,0.982079,0.307657,0.146257,1.060043,
7.200000,0.000000,0.000000,0.000000,0.000000,0.000000,0.000000,-0.064359,-0.982638,0.174013,0.987729,-0.087591,-0.129306,0.142303,0.163555,0.976217,0.280637,0.148593,1.066498,
7.300000,0.000000,0.000000,0.000000,0.000000,0.000000,0.000000,-0.167166,-0.964951,0.202297,0.971363,-0.196332,-0.133820,0.168848,0.174134,0.970138,0.253783,0.145625,1.072669,
7.400000,0.000000,0.000000,0.000000,0.000000,0.000000,0.000000,-0.267928,-0.935591,0.229965,0.943770,-0.302856,-0.132574,0.193681,0.181514,0.964127,0.228085,0.137577,1.078310,
7.500000,0.000000,0.000000,0.000000,0.000000,0.000000,0.000000,-0.365511,-0.894920,0.255968,0.905269,-0.405752,-0.125910,0.216539,0.185699,0.958450,0.204460,0.124866,1.083207,
7.600000,0.000000,0.000000,0.000000,0.000000,0.000000,0.000000,-0.458816,-0.843472,0.279361,0.856292,-0.503670,-0.114371,0.237174,0.186739,0.953350,0.183714,0.108078,1.087178,
7.700000,0.000000,0.000000,0.000000,0.000000,0.000000,0.000000,-0.546783,-0.781937,0.299337,0.797382,-0.595354,-0.098668,0.255364,0.184736,0.949032,0.166514,0.087937,1.090088,
7.800000,0.000000,0.000000,0.000000,0.000000,0.000000,0.000000,-0.628404,-0.711141,0.315255,0.729190,-0.679661,-0.079645,0.270906,0.179832,0.945659,0.153368,0.065277,1.091846,
7.900000,0.000000,0.000000,0.000000,0.000000,0.000000,0.000000,-0.702735,-0.632027,0.326659,0.652473,-0.755571,-0.058242,0.283624,0.172207,0.943346,0.144608,0.040995,1.092411,
8.000000,0.000000,0.000000,0.000000,0.000000,0.000000,0.000000,-0.768902,-0.545629,0.333284,0.568087,-0.822205,-0.035451,0.293371,0.162076,0.942160,0.140384,0.016025,1.091791,
8.100000,0.000000,0.000000,0.000000,0.000000,0.000000,0.000000,-0.826119,-0.453055,0.335065,0.476982,-0.878828,-0.012277,0.300026,0.149677,0.942115,0.140667,-0.008712,1.090038,
8.200000,0.000000,0.000000,0.000000,0.000000,0.000000,0.000000,-0.873693,-0.355463,0.332124,0.380192,-0.924850,0.010301,0.303503,0.135271,0.943180,0.145254,-0.032338,1.087249,
8.300000,0.000000,0.000000,0.000000,0.000000,0.000000,0.000000,-0.911038,-0.254043,0.324763,0.278830,-0.959828,0.031368,0.303748,0.119131,0.945275,0.153788,-0.054049,1.083557,
8.400000,0.000000,0.000000,0.000000,0.000000,0.000000,0.000000,-0.937686,-0.149998,0.313441,0.174069,-0.983458,0.050108,0.300740,0.101546,0.948285,0.165773,-0.073149,1.079126,
8.500000,0.000000,0.000000,0.000000,0.000000,0.000000,0.000000,-0.953291,-0.044531,0.298752,0.067135,-0.995570,0.065827,0.294497,0.082809,0.952058,0.180602,-0.089068,1.074143,
8.600000,0.000000,0.000000,0.000000,0.000000,0.000000,0.000000,-0.957641,0.061166,0.281393,-0.040711,-0.996124,0.077976,0.285071,0.063217,0.956419,0.197586,-0.101380,1.068807,
8.700000,0.000000,0.000000,0.000000,0.000000,0.000000,0.000000,-0.950660,0.165922,0.262137,-0.148190,-0.985198,0.086165,0.272554,0.043068,0.961176,0.215980,-0.109814,1.063325,
8.800000,0.000000,0.000000,0.000000,0.000000,0.000000,0.000000,-0.932411,0.268596,0.241799,-0.254019,-0.962987,0.090173,0.257070,0.022657,0.966127,0.235021,-0.114256,1.057903,
8.900000,0.000000,0.000000,0.000000,0.000000,0.000000,0.000000,-0.903097,0.368082,0.221204,-0.356930,-0.929790,0.089947,0.238781,0.002276,0.971071,0.253947,-0.114747,1.052733,
9.000000,0.000000,0.000000,0.000000,0.000000,0.000000,0.000000,-0.863061,0.463316,0.201154,-0.455688,-0.886014,0.085597,0.217884,-0.017788,0.975813,0.272038,-0.111478,1.047995,
9.100000,0.000000,0.000000,0.000000,0.000000,0.000000,0.000000,-0.812780,0.553280,0.182401,-0.549107,-0.832162,0.077388,0.194604,-0.037258,0.980174,0.288630,-0.104772,1.043844,
9.200000,0.000000,0.000000,0.000000,0.000000,0.000000,0.000000,-0.752856,0.637007,0.165619,-0.636066,-0.768831,0.065720,0.169198,-0.055867,0.983997,0.303145,-0.095070,1.040405,
9.300000,0.000000,0.000000,0.000000,0.000000,0.000000,0.000000,-0.684014,0.713588,0.151386,-0.715525,-0.696714,0.051113,0.141946,-0.073358,0.987152,0.315108,-0.082907,1.037774,
9.400000,0.000000,0.000000,0.000000,0.000000,0.000000,0.000000,-0.607085,0.782179,0.140159,-0.786540,-0.616593,0.034177,0.113154,-0.089492,0.989539,0.324158,-0.068892,1.036013,
9.500000,0.000000,0.000000,0.000000,0.000000,0.000000,0.000000,-0.522998,0.842009,0.132267,-0.848269,-0.529336,0.015591,0.083142,-0.104044,0.991091,0.330059,-0.053678,1.035146,
9.600000,0.000000,0.000000,0.000000,0.000000,0.000000,0.000000,-0.432768,0.892386,0.127902,-0.899990,-0.435893,-0.003928,0.052246,-0.116811,0.991779,0.332704,-0.037940,1.035166,
9.700000,0.000000,0.000000,0.000000,0.000000,0.000000,0.000000,-0.337478,0.932711,0.127115,-0.941103,-0.337291,-0.023654,0.020812,-0.127611,0.991606,0.332116,-0.022346,1.036029,
9.800000,0.000000,0.000000,0.000000,0.000000,0.000000,0.000000,-0.238269,0.962484,0.129820,-0.971139,-0.234629,-0.042875,-0.010807,-0.136289,0.990610,0.328440,-0.007533,1.037662,
9.900000,0.000000,0.000000,0.000000,0.000000,0.000000,0.000000,-0.136321,0.981312,0.135803,-0.989763,-0.129064,-0.060926,-0.042260,-0.142718,0.988861,0.321931,0.005915,1.039967,
10.000000,0.000000,0.000000,0.000000,0.000000,0.000000,0.000000,-0.032842,0.988926,0.144733,-0.996777,-0.021803,-0.077207,-0.073196,-0.146802,0.986454,0.312948,0.017489,1.042820,
10.100000,0.000000,0.000000,0.000000,0.000000,0.000000,0.000000,0.070950,0.985177,0.156178,-0.992119,0.085909,-0.091208,-0.103273,-0.148477,0.983509,0.301929,0.026770,1.046084,
10.200000,0.000000,0.000000,0.000000,0.000000,0.000000,0.000000,0.173837,0.970055,0.169629,-0.975867,0.192805,-0.102521,-0.132157,-0.147713,0.980161,0.289377,0.033444,1.049609,
10.300000,0.000000,0.000000,0.000000,0.000000,0.000000,0.000000,0.274619,0.943683,0.184516,-0.948227,0.297617,-0.110858,-0.159530,-0.144519,0.976557,0.275834,0.037306,1.053239,
10.400000,0.000000,0.000000,0.000000,0.000000,0.000000,0.000000,0.372126,0.906326,0.200236,-0.909540,0.399085,-0.116051,-0.185091,-0.138937,0.972850,0.261863,0.038271,1.056823,
10.500000,0.000000,0.000000,0.000000,0.000000,0.000000,0.000000,0.465229,0.858387,0.216178,-0.860270,0.495982,-0.118060,-0.208562,-0.131046,0.969190,0.248023,0.036367,1.060214,
10.600000,0.000000,0.000000,0.000000,0.000000,0.000000,0.000000,0.552853,0.800405,0.231743,-0.800998,0.587129,-0.116967,-0.229684,-0.120960,0.965719,0.234850,0.031733,1.063278,
10.700000,0.000000,0.000000,0.000000,0.000000,0.000000,0.000000,0.633989,0.733048,0.246370,-0.732421,0.671414,-0.112971,-0.248229,-0.108824,0.962569,0.222833,0.024608,1.065900,
10.800000,0.000000,0.000000,0.000000,0.000000,0.000000,0.000000,0.707702,0.657107,0.259555,-0.655336,0.747810,-0.106371,-0.263995,-0.094817,0.959852,0.212401,0.015321,1.067984,
10.900000,0.000000,0.000000,0.000000,0.000000,0.000000,0.000000,0.773142,0.573481,0.270870,-0.570637,0.815387,-0.097557,-0.276811,-0.079143,0.957660,0.203906,0.004272,1.069459,
11.000000,0.000000,0.000000,0.000000,0.000000,0.000000,0.000000,0.829557,0.483168,0.279972,-0.479304,0.873328,-0.086988,-0.286537,-0.062030,0.956059,0.197614,-0.008084,1.070282,
11.100000,0.000000,0.000000,0.000000,0.000000,0.000000,0.000000,0.876292,0.387248,0.286620,-0.382391,0.920938,-0.075172,-0.293069,-0.043728,0.955091,0.193694,-0.021257,1.070434,
11.200000,0.000000,0.000000,0.000000,0.000000,0.000000,0.000000,0.912806,0.286869,0.290675,-0.281016,0.957656,-0.062645,-0.296337,-0.024502,0.954769,0.192220,-0.034744,1.069924,
11.300000,0.000000,0.000000,0.000000,0.000000,0.000000,0.000000,0.938671,0.183229,0.292103,-0.176350,0.983059,-0.049948,-0.296307,-0.004628,0.955082,0.193169,-0.048048,1.068786,
11.400000,0.000000,0.000000,0.000000,0.000000,0.000000,0.000000,0.953582,0.077559,0.290975,-0.069604,0.996866,-0.037607,-0.292980,0.015609,0.955991,0.196424,-0.060694,1.067078,
11.500000,0.000000,0.000000,0.000000,0.000000,0.000000,0.000000,0.957358,-0.028892,0.287455,0.037988,0.998937,-0.026114,-0.286395,0.035921,0.957438,0.201785,-0.072254,1.064877,
11.600000,0.000000,0.000000,0.000000,0.000000,0.000000,0.000000,0.949948,-0.134872,0.281794,0.145175,0.989278,-0.015908,-0.276627,0.056021,0.959343,0.208979,-0.082354,1.062278,
11.700000,0.000000,0.000000,0.000000,0.000000,0.000000,0.000000,0.931429,-0.239146,0.274316,0.250712,0.968034,-0.007358,-0.263788,0.075628,0.961611,0.217673,-0.090691,1.059385,
11.800000,0.000000,0.000000,0.000000,0.000000,0.000000,0.000000,0.902007,-0.340507,0.265401,0.353367,0.935484,-0.000757,-0.248021,0.094467,0.964138,0.227489,-0.097041,1.056312,
11.900000,0.000000,0.000000,0.000000,0.000000,0.000000,0.000000,0.862019,-0.437789,0.255470,0.451942,0.892040,0.003691,-0.229505,0.112275,0.966810,0.238020,-0.101263,1.053175,
12.000000,0.000000,0.000000,0.000000,0.000000,0.000000,0.000000,0.811922,-0.529881,0.244966,0.545280,0.838233,0.005874,-0.208451,0.128806,0.969514,0.248849,-0.103304,1.050088,
12.100000,0.000000,0.000000,0.000000,0.000000,0.000000,0.000000,0.752298,-0.615739,0.234338,0.632287,0.774713,0.005770,-0.185097,0.143828,0.972138,0.259564,-0.103195,1.047159,
12.200000,0.000000,0.000000,0.000000,0.000000,0.000000,0.000000,0.683838,-0.694392,0.224021,0.711939,0.702232,0.003449,-0.159710,0.157131,0.974578,0.269771,-0.101049,1.044487,
12.300000,0.000000,0.000000,0.000000,0.000000,0.000000,0.000000,0.607343,-0.764956,0.214421,0.783299,0.621644,-0.000937,-0.132577,0.168525,0.976741,0.279115,-0.097051,1.042156,
12.400000,0.000000,0.000000,0.000000,0.000000,0.000000,0.000000,0.523707,-0.826641,0.205902,0.845525,0.533887,-0.007161,-0.104008,0.177846,0.978546,0.287285,-0.091449,1.040234,
12.500000,0.000000,0.000000,0.000000,0.000000,0.000000,0.000000,0.433911,-0.878756,0.198771,0.897885,0.439978,-0.014935,-0.074330,0.184954,0.979932,0.294027,-0.084542,1.038773,
12.600000,0.000000,0.000000,0.000000,0.000000,0.000000,0.000000,0.339008,-0.920717,0.193270,0.939760,0.340998,-0.023921,-0.043880,0.189737,0.980854,0.299154,-0.076668,1.037803,
12.700000,0.000000,0.000000,0.000000,0.000000,0.000000,0.000000,0.240115,-0.952054,0.189572,0.970657,0.238087,-0.033747,-0.013006,0.192112,0.981287,0.302547,-0.068187,1.037335,
12.800000,0.000000,0.000000,0.000000,0.000000,0.000000,0.000000,0.138394,-0.972414,0.187770,0.990215,0.132427,-0.044020,0.017940,0.192025,0.981226,0.304158,-0.059468,1.037360,
12.900000,0.000000,0.000000,0.000000,0.000000,0.000000,0.000000,0.035040,-0.981566,0.187884,0.998203,0.025231,-0.054348,0.048606,0.189451,0.980686,0.304008,-0.050875,1.037853,
13.000000,0.000000,0.000000,0.000000,0.000000,0.000000,0.000000,-0.068731,-0.979403,0.189858,0.994531,-0.082267,-0.064349,0.078643,0.184397,0.979700,0.302187,-0.042752,1.038768,
13.100000,0.000000,0.000000,0.000000,0.000000,0.000000,0.000000,-0.171702,-0.965945,0.193569,0.979243,-0.188828,-0.073667,0.107710,0.176902,0.978317,0.298844,-0.035412,1.040049,
13.200000,0.000000,0.000000,0.000000,0.000000,0.000000,0.000000,-0.272665,-0.941340,0.198829,0.952523,-0.293221,-0.081985,0.135477,0.167034,0.976599,0.294181,-0.029123,1.041625,
13.300000,0.000000,0.000000,0.000000,0.000000,0.000000,0.000000,-0.370437,-0.905863,0.205399,0.914687,-0.394234,-0.089037,0.161631,0.154893,0.974620,0.288444,-0.024105,1.043419,
13.400000,0.000000,0.000000,0.000000,0.000000,0.000000,0.000000,-0.463875,-0.859913,0.213001,0.866181,-0.490692,-0.094614,0.185877,0.140608,0.972460,0.281909,-0.020519,1.045345,
13.500000,0.000000,0.000000,0.000000,0.000000,0.000000,0.000000,-0.551886,-0.804013,0.221323,0.807577,-0.581466,-0.098569,0.207943,0.124337,0.970206,0.274874,-0.018464,1.047318,
13.600000,0.000000,0.000000,0.000000,0.000000,0.000000,0.000000,-0.633445,-0.738802,0.230042,0.739563,-0.665493,-0.100826,0.227582,0.106263,0.967944,0.267644,-0.017976,1.049255,
13.700000,0.000000,0.000000,0.000000,0.000000,0.000000,0.000000,-0.707601,-0.665028,0.238829,0.662936,-0.741781,-0.101374,0.244575,0.086596,0.965756,0.260520,-0.019030,1.051075,
13.800000,0.000000,0.000000,0.000000,0.000000,0.000000,0.000000,-0.773491,-0.583543,0.247364,0.578591,-0.809431,-0.100266,0.258734,0.065568,0.963721,0.253787,-0.021541,1.052707,
13.900000,0.000000,0.000000,0.000000,0.000000,0.000000,0.000000,-0.830350,-0.495292,0.255351,0.487515,-0.867640,-0.097620,0.269903,0.043428,0.961908,0.247705,-0.025370,1.054088,
14.000000,0.000000,0.000000,0.000000,0.000000,0.000000,0.000000,-0.877518,-0.401302,0.262524,0.390767,-0.915718,-0.093606,0.277962,0.020445,0.960374,0.242499,-0.030334,1.055168,
14.100000,0.000000,0.000000,0.000000,0.000000,0.000000,0.000000,-0.914447,-0.302668,0.268660,0.289476,-0.953091,-0.088438,0.282825,-0.003101,0.959167,0.238352,-0.036211,1.055911,
14.200000,0.000000,0.000000,0.000000,0.000000,0.000000,0.000000,-0.940710,-0.200545,0.273582,0.184820,-0.979315,-0.082368,0.284441,-0.026921,0.958315,0.235399,-0.042752,1.056295,
14.300000,0.000000,0.000000,0.000000,0.000000,0.000000,0.000000,-0.956001,-0.096126,0.277168,0.078015,-0.994076,-0.075673,0.282800,-0.050720,0.957837,0.233723,-0.049692,1.056311,
14.400000,0.000000,0.000000,0.000000,0.000000,0.000000,0.000000,-0.960143,0.009364,0.279351,-0.029696,-0.997199,-0.068640,0.277926,-0.074200,0.957732,0.233356,-0.056760,1.055967,
14.500000,0.000000,0.000000,0.000000,0.000000,0.000000,0.000000,-0.953089,0.114691,0.280121,-0.137063,-0.988648,-0.061560,0.269880,-0.097067,0.957989,0.234278,-0.063689,1.055284,
14.600000,0.000000,0.000000,0.000000,0.000000,0.000000,0.000000,-0.934919,0.218622,0.279520,-0.242838,-0.968523,-0.054715,0.258760,-0.119032,0.958580,0.236419,-0.070227,1.054294,
14.700000,0.000000,0.000000,0.000000,0.000000,0.000000,0.000000,-0.905843,0.319940,0.277645,-0.345791,-0.937064,-0.048363,0.244698,-0.139817,0.959466,0.239666,-0.076149,1.053042,
14.800000,0.000000,0.000000,0.000000,0.000000,0.000000,0.000000,-0.866198,0.417465,0.274634,-0.444725,-0.894647,-0.042737,0.227859,-0.159155,0.960599,0.243867,-0.081257,1.051579,
14.900000,0.000000,0.000000,0.000000,0.000000,0.000000,0.000000,-0.816444,0.510058,0.270665,-0.538490,-0.841774,-0.038030,0.208442,-0.176800,0.961922,0.248839,-0.085395,1.049965,
15.000000,0.000000,0.000000,0.000000,0.000000,0.000000,0.000000,-0.757157,0.596645,0.265947,-0.625992,-0.779071,-0.034392,0.186672,-0.192520,0.963374,0.254375,-0.088448,1.048261,
15.100000,0.000000,0.000000,0.000000,0.000000,0.000000,0.000000,-0.689027,0.676221,0.260706,-0.706214,-0.707279,-0.031926,0.162803,-0.206112,0.964890,0.260257,-0.090348,1.046530,
15.200000,0.000000,0.000000,0.000000,0.000000,0.000000,0.000000,-0.612843,0.747867,0.255183,-0.778218,-0.627244,-0.030686,0.137112,-0.217394,0.966406,0.266259,-0.091074,1.044835,
15.300000,0.000000,0.000000,0.000000,0.000000,0.000000,0.000000,-0.529493,0.810758,0.249617,-0.841166,-0.539906,-0.030677,0.109898,-0.226212,0.967859,0.272160,-0.090647,1.043235,
15.400000,0.000000,0.000000,0.000000,0.000000,0.000000,0.000000,-0.439946,0.864173,0.244241,-0.894321,-0.446291,-0.031853,0.081476,-0.232443,0.969191,0.277752,-0.089136,1.041782,
15.500000,0.000000,0.000000,0.000000,0.000000,0.000000,0.000000,-0.345245,0.907500,0.239271,-0.937061,-0.347493,-0.034127,0.052174,-0.235993,0.970353,0.282845,-0.086646,1.040521,
15.600000,0.000000,0.000000,0.000000,0.000000,0.000000,0.000000,-0.246495,0.940246,0.234898,-0.968887,-0.244667,-0.037372,0.022333,-0.236802,0.971301,0.287276,-0.083314,1.039489,
15.700000,0.000000,0.000000,0.000000,0.000000,0.000000,0.000000,-0.144847,0.962043,0.231285,-0.989424,-0.139010,-0.041428,-0.007704,-0.234840,0.972004,0.290916,-0.079307,1.038711,
15.800000,0.000000,0.000000,0.000000,0.000000,0.000000,0.000000,-0.041488,0.972646,0.228556,-0.998432,-0.031753,-0.046108,-0.037589,-0.230110,0.972438,0.293666,-0.074809,1.038203,
15.900000,0.000000,0.000000,0.000000,0.000000,0.000000,0.000000,0.062376,0.971942,0.226797,-0.995803,0.075857,-0.051211,-0.066978,-0.222651,0.972595,0.295470,-0.070015,1.037971,
16.000000,0.000000,0.000000,0.000000,0.000000,0.000000,0.000000,0.165532,0.959947,0.226055,-0.981567,0.182571,-0.056524,-0.095532,-0.212532,0.972473,0.296308,-0.065126,1.038007,
16.100000,0.000000,0.000000,0.000000,0.000000,0.000000,0.000000,0.266773,0.936806,0.226334,-0.955888,0.287148,-0.061837,-0.122921,-0.199853,0.972085,0.296197,-0.060336,1.038296,
16.200000,0.000000,0.000000,0.000000,0.000000,0.000000,0.000000,0.364918,0.902792,0.227597,-0.919067,0.388374,-0.066946,-0.148831,-0.184748,0.971451,0.295191,-0.055829,1.038813,
16.300000,0.000000,0.000000,0.000000,0.000000,0.000000,0.000000,0.458820,0.858305,0.229775,-0.871532,0.485075,-0.071661,-0.172965,-0.167377,0.970602,0.293375,-0.051770,1.039526,
16.400000,0.000000,0.000000,0.000000,0.000000,0.000000,0.000000,0.547381,0.803863,0.232761,-0.813837,0.576126,-0.075816,-0.195045,-0.147929,0.969574,0.290863,-0.048301,1.040395,
16.500000,0.000000,0.000000,0.000000,0.000000,0.000000,0.000000,0.629568,0.740100,0.236424,-0.746657,0.660469,-0.079273,-0.214820,-0.126620,0.968411,0.287790,-0.045534,1.041377,
16.600000,0.000000,0.000000,0.000000,0.000000,0.000000,0.000000,0.704419,0.667758,0.240611,-0.670775,0.737122,-0.081924,-0.232065,-0.103687,0.967158,0.284309,-0.043552,1.042426,
16.700000,0.000000,0.000000,0.000000,0.000000,0.000000,0.000000,0.771062,0.587676,0.245154,-0.587077,0.805192,-0.083698,-0.246583,-0.079388,0.965865,0.280579,-0.042403,1.043497,
16.800000,0.000000,0.000000,0.000000,0.000000,0.000000,0.000000,0.828719,0.500785,0.249878,-0.496540,0.863885,-0.084558,-0.258211,-0.054000,0.964578,0.276767,-0.042099,1.044542,
16.900000,0.000000,0.000000,0.000000,0.000000,0.000000,0.000000,0.876717,0.408097,0.254607,-0.400219,0.912515,-0.084505,-0.266819,-0.027812,0.963345,0.273032,-0.042623,1.045520,
17.000000,0.000000,0.000000,0.000000,0.000000,0.000000,0.000000,0.914496,0.310688,0.259172,-0.299238,0.950511,-0.083573,-0.272311,-0.001127,0.962209,0.269528,-0.043922,1.046391,
17.100000,0.000000,0.000000,0.000000,0.000000,0.000000,0.000000,0.941617,0.209691,0.263416,-0.194774,0.977429,-0.081832,-0.274629,0.025747,0.961205,0.266390,-0.045920,1.047123,
17.200000,0.000000,0.000000,0.000000,0.000000,0.000000,0.000000,0.957762,0.106284,0.267200,-0.088045,0.992949,-0.079375,-0.273752,0.052497,0.960367,0.263737,-0.048512,1.047690,
17.300000,0.000000,0.000000,0.000000,0.000000,0.000000,0.000000,0.962745,0.001671,0.270407,0.019707,0.996888,-0.076323,-0.269693,0.078809,0.959716,0.261663,-0.051576,1.048073,
17.400000,0.000000,0.000000,0.000000,0.000000,0.000000,0.000000,0.956506,-0.102929,0.272949,0.127225,0.989198,-0.072814,-0.262506,0.104373,0.959269,0.260236,-0.054978,1.048261,
17.500000,0.000000,0.000000,0.000000,0.000000,0.000000,0.000000,0.939120,-0.206297,0.274764,0.233259,0.969964,-0.068996,-0.252277,0.128887,0.959033,0.259497,-0.058572,1.048251,
17.600000,0.000000,0.000000,0.000000,0.000000,0.000000,0.000000,0.910788,-0.307227,0.275820,0.336574,0.939409,-0.065027,-0.239130,0.152060,0.959007,0.259457,-0.062215,1.048048,
17.700000,0.000000,0.000000,0.000000,0.000000,0.000000,0.000000,0.871840,-0.404541,0.276118,0.435966,0.897889,-0.061061,-0.223222,0.173614,0.959182,0.260102,-0.065762,1.047663,
17.800000,0.000000,0.000000,0.000000,0.000000,0.000000,0.000000,0.822730,-0.497105,0.275685,0.530280,0.845887,-0.057248,-0.204740,0.193290,0.959542,0.261390,-0.069081,1.047116,
17.900000,0.000000,0.000000,0.000000,0.000000,0.000000,0.000000,0.764028,-0.583840,0.274575,0.618418,0.784011,-0.053725,-0.183903,0.210849,0.960064,0.263257,-0.072052,1.046431,
18.000000,0.000000,0.000000,0.000000,0.000000,0.000000,0.000000,0.696419,-0.663735,0.272868,0.699352,0.712983,-0.050613,-0.160957,0.226079,0.960719,0.265618,-0.074573,1.045637,
18.100000,0.000000,0.000000,0.000000,0.000000,0.000000,0.000000,0.620688,-0.735859,0.270662,0.772143,0.633633,-0.048013,-0.136169,0.238791,0.961476,0.268373,-0.076564,1.044765,
